      0.0331198     0.00114755     -0.0882797     -0.0784912     -0.0838132     -0.0834474     -0.0834883     -0.0780207     -0.0815255     -0.0855229     -0.0887752     -0.0808464     -0.0875664     -0.0734893     -0.0237688     -0.0832421
     0.00114755      0.0171053     0.00675327     -0.0279751    -0.00113938    -0.00267858    -0.00331226     -0.0211219     -0.0122666     -0.0404308     0.00363404      0.0114215      0.0478595      0.0328625    -0.00184117    -0.00314339
     -0.0882797     0.00675327         2.2001       0.244277       0.275769       0.273759       0.273503       0.246947       0.260919       0.256073       0.293508       0.274442       0.316188       0.263821       0.022813       0.262248
     -0.0784912     -0.0279751       0.244277        2.17967       0.245661       0.247071       0.248103       0.261823       0.255588       0.306331        0.25037       0.220158       0.182154       0.170223       0.021074       0.213233
     -0.0838132    -0.00113938       0.275769       0.245661        2.16956       0.261777       0.261814        0.24517       0.253869       0.261743       0.277118       0.256378       0.278937       0.237757      0.0213809       0.240916
     -0.0834474    -0.00267858       0.273759       0.247071       0.261777        2.16736       0.260843       0.245695       0.254048       0.264136       0.275378       0.254122       0.273174       0.233728      0.0213574       0.239001
     -0.0834883    -0.00331226       0.273503       0.248103       0.261814       0.260843        2.16757       0.246742       0.254498       0.265628       0.275238       0.253694       0.271126       0.232506      0.0214254       0.239108
     -0.0780207     -0.0211219       0.246947       0.261823        0.24517       0.245695       0.246742        2.15994       0.250641       0.290368        0.25179       0.224701       0.201293       0.183089      0.0203338       0.211945
     -0.0815255     -0.0122666       0.260919       0.255588       0.253869       0.254048       0.254498       0.250641        2.15986       0.278517        0.26421       0.239779       0.236934       0.208409      0.0224711       0.226142
     -0.0855229     -0.0404308       0.256073       0.306331       0.261743       0.264136       0.265628       0.290368       0.278517        2.25754       0.264546       0.226468       0.164647       0.159095      0.0263767       0.241139
     -0.0887752     0.00363404       0.293508        0.25037       0.277118       0.275378       0.275238        0.25179        0.26421       0.264546        2.20071       0.273455       0.308757       0.259046      0.0229502       0.264876
     -0.0808464      0.0114215       0.274442       0.220158       0.256378       0.254122       0.253694       0.224701       0.239779       0.226468       0.273455        2.16587       0.307554       0.256815      0.0191191       0.228779
     -0.0875664      0.0478595       0.316188       0.182154       0.278937       0.273174       0.271126       0.201293       0.236934       0.164647       0.308757       0.307554        2.34453       0.347997      0.0189289       0.264942
     -0.0734893      0.0328625       0.263821       0.170223       0.237757       0.233728       0.232506       0.183089       0.208409       0.159095       0.259046       0.256815       0.347997        2.19052      0.0153256       0.195035
     -0.0237688    -0.00184117       0.022813       0.021074      0.0213809      0.0213574      0.0214254      0.0203338      0.0224711      0.0263767      0.0229502      0.0191191      0.0189289      0.0153256      0.0478102      0.0215459
     -0.0832421    -0.00314339       0.262248       0.213233       0.240916       0.239001       0.239108       0.211945       0.226142       0.241139       0.264876       0.228779       0.264942       0.195035      0.0215459       0.418539
