      0.0331392     0.00160421     -0.0900501     -0.0815224     -0.0803728     -0.0883118     -0.0846318      -0.074438     -0.0825055     -0.0751278     -0.0762143     -0.0818098     -0.0898485     -0.0870263     -0.0238322     -0.0833102
     0.00160421      0.0160117    -0.00313036     -0.0099495     0.00172277    -0.00657452    -0.00166017      0.0110694      0.0086044      0.0130904    -0.00674126     -0.0534891     0.00932995      0.0153009    -0.00222389    -0.00448086
     -0.0900501    -0.00313036        2.20851       0.271753       0.269517       0.292676       0.285281       0.252638       0.278798       0.256526       0.256114        0.26958       0.300712       0.292719      0.0228769       0.272898
     -0.0815224     -0.0099495       0.271753        2.15679       0.242974       0.265908       0.257376        0.22474       0.247365       0.226666       0.235801       0.268072       0.265135         0.2558      0.0224166       0.226211
     -0.0803728     0.00172277       0.269517       0.242974        2.15088        0.26116       0.256208       0.232848        0.25368       0.236247       0.230926       0.229387       0.271982       0.266999      0.0208162       0.222982
     -0.0883118    -0.00657452       0.292676       0.265908        0.26116        2.19155       0.276642       0.243077       0.268263       0.246202       0.250384       0.273577       0.288855       0.279953      0.0251351       0.257918
     -0.0846318    -0.00166017       0.285281       0.257376       0.256208       0.276642        2.17689       0.241562       0.265154       0.245243       0.243134       0.252183       0.285119         0.2783      0.0205968       0.247666
      -0.074438      0.0110694       0.252638        0.22474       0.232848       0.243077       0.241562        2.13476       0.245395        0.23265       0.215833       0.186654       0.261986       0.261333      0.0172201        0.19758
     -0.0825055      0.0086044       0.278798       0.247365        0.25368       0.268263       0.265154       0.245395        2.17334       0.250236       0.235819       0.214493       0.286629       0.283808      0.0195508        0.23768
     -0.0751278      0.0130904       0.256526       0.226666       0.236247       0.246202       0.245243        0.23265       0.250236        2.14415       0.218084       0.183147       0.267693       0.267363      0.0161439       0.203948
     -0.0762143    -0.00674126       0.256114       0.235801       0.230926       0.250384       0.243134       0.215833       0.235819       0.218084        2.12994       0.246148        0.25187       0.244307      0.0196762        0.20256
     -0.0818098     -0.0534891        0.26958       0.268072       0.229387       0.273577       0.252183       0.186654       0.214493       0.183147       0.246148        2.31221       0.228936       0.203776      0.0253942       0.222612
     -0.0898485     0.00932995       0.300712       0.265135       0.271982       0.288855       0.285119       0.261986       0.286629       0.267693        0.25187       0.228936        2.21591         0.3059      0.0230662       0.270821
     -0.0870263      0.0153009       0.292719         0.2558       0.266999       0.279953         0.2783       0.261333       0.283808       0.267363       0.244307       0.203776         0.3059         2.2116      0.0213116       0.258757
     -0.0238322    -0.00222389      0.0228769      0.0224166      0.0208162      0.0251351      0.0205968      0.0172201      0.0195508      0.0161439      0.0196762      0.0253942      0.0230662      0.0213116      0.0479058      0.0217158
     -0.0833102    -0.00448086       0.272898       0.226211       0.222982       0.257918       0.247666        0.19758        0.23768       0.203948        0.20256       0.222612       0.270821       0.258757      0.0217158       0.419025
