      0.0328624     0.00148138     -0.0751725     -0.0798756     -0.0905312     -0.0861695     -0.0767849     -0.0826959     -0.0827308     -0.0769075     -0.0898051     -0.0762889     -0.0755527     -0.0899357     -0.0236016     -0.0824684
     0.00148138      0.0176016    -0.00304955      0.0354682     -0.0182481     -0.0393183      -0.011492    -0.00365138      0.0509111    0.000895422     -0.0207485      0.0082809     0.00327423     -0.0414901   -0.000872354    -0.00668602
     -0.0751725    -0.00304955        2.12595       0.231588        0.25354       0.244544       0.223681       0.236744       0.237083       0.225802        0.25183       0.224283       0.221422       0.251782      0.0187044       0.199311
     -0.0798756      0.0354682       0.231588        2.23846       0.238691       0.181156       0.218374       0.251734       0.372434       0.248167       0.231092       0.263082       0.248162       0.184939      0.0191521       0.223963
     -0.0905312     -0.0182481        0.25354       0.238691        2.21778       0.315955       0.266451       0.277815       0.233536       0.258905       0.310921       0.251282       0.251178       0.327588      0.0257524       0.269762
     -0.0861695     -0.0393183       0.244544       0.181156       0.315955        2.25482       0.267201       0.267247       0.156389       0.244362       0.319248       0.227897        0.23425       0.361223      0.0228584        0.25237
     -0.0767849      -0.011492       0.223681       0.218374       0.266451       0.267201        2.13936       0.242796       0.216678       0.228852       0.265602        0.22406       0.223146       0.275653      0.0183152       0.209472
     -0.0826959    -0.00365138       0.236744       0.251734       0.277815       0.267247       0.242796        2.16518        0.25817       0.245013       0.275797       0.243514       0.239766       0.275782      0.0209024       0.236624
     -0.0827308      0.0509111       0.237083       0.372434       0.233536       0.156389       0.216678        0.25817        2.33446        0.25735       0.223564       0.279014       0.259423       0.158903      0.0214752       0.234328
     -0.0769075    0.000895422       0.225802       0.248167       0.258905       0.244362       0.228852       0.245013        0.25735        2.14051       0.256475       0.234309       0.229635       0.251239      0.0167176       0.213675
     -0.0898051     -0.0207485        0.25183       0.231092       0.310921       0.319248       0.265602       0.275797       0.223564       0.256475        2.21769       0.247803        0.24823       0.330771      0.0255003       0.266329
     -0.0762889      0.0082809       0.224283       0.263082       0.251282       0.227897        0.22406       0.243514       0.279014       0.234309       0.247803        2.14442       0.231039       0.234132      0.0163336       0.210903
     -0.0755527     0.00327423       0.221422       0.248162       0.251178        0.23425       0.223146       0.239766       0.259423       0.229635        0.24823       0.231039        2.13253       0.240881       0.017586       0.203891
     -0.0899357     -0.0414901       0.251782       0.184939       0.327588       0.361223       0.275653       0.275782       0.158903       0.251239       0.330771       0.234132       0.240881        2.28165      0.0258358       0.266685
     -0.0236016   -0.000872354      0.0187044      0.0191521      0.0257524      0.0228584      0.0183152      0.0209024      0.0214752      0.0167176      0.0255003      0.0163336       0.017586      0.0258358      0.0476183      0.0211148
     -0.0824684    -0.00668602       0.199311       0.223963       0.269762        0.25237       0.209472       0.236624       0.234328       0.213675       0.266329       0.210903       0.203891       0.266685      0.0211148       0.416595
