      0.0331841    0.000994848     -0.0763703     -0.0857031     -0.0938238     -0.0804841     -0.0878096     -0.0843692      -0.083802     -0.0757928     -0.0834895     -0.0842458     -0.0848585     -0.0795443     -0.0236239     -0.0837424
    0.000994848        0.01713     -0.0078424     -0.0297944     -0.0465954       0.023479      0.0204234      0.0159128     -0.0208532      0.0225738     -0.0152311     -0.0125779      -0.023193      0.0242638    0.000882821    -0.00764495
     -0.0763703     -0.0078424        2.13155       0.253932       0.277953       0.224722       0.242454       0.237401       0.245882       0.215132       0.243367         0.2453       0.250131       0.221545      0.0185389       0.205327
     -0.0857031     -0.0297944       0.253932        2.22197       0.363751       0.216943       0.241432       0.241155       0.294452       0.206263       0.285006        0.28419       0.302621       0.211846      0.0198083       0.254796
     -0.0938238     -0.0465954       0.277953       0.363751        2.33783       0.212303       0.242392       0.245423       0.333662       0.200841       0.318437       0.315525       0.344097       0.205933      0.0221294       0.294982
     -0.0804841       0.023479       0.224722       0.216943       0.212303        2.19105       0.298375       0.284671       0.224318       0.271445       0.232087       0.239368       0.224787       0.281935      0.0216559       0.221174
     -0.0878096      0.0204234       0.242454       0.241432       0.242392       0.298375        2.22261       0.301713       0.246531       0.284141         0.2533       0.260615       0.247926       0.295497      0.0246894       0.255233
     -0.0843692      0.0159128       0.237401       0.241155       0.245423       0.284671       0.301713        2.19578        0.24413       0.271144       0.249418       0.255877       0.245984       0.281474      0.0212153       0.244032
      -0.083802     -0.0208532       0.245882       0.294452       0.333662       0.224318       0.246531        0.24413        2.18558       0.213319       0.272193       0.272583       0.285475       0.219808      0.0208655       0.241629
     -0.0757928      0.0225738       0.215132       0.206263       0.200841       0.271445       0.284141       0.271144       0.213319        2.16619       0.221057       0.227888       0.213869       0.269207      0.0190809       0.200802
     -0.0834895     -0.0152311       0.243367       0.285006       0.318437       0.232087         0.2533       0.249418       0.272193       0.221057        2.17387       0.268519       0.277927       0.227833      0.0211433       0.239176
     -0.0842458     -0.0125779         0.2453        0.28419       0.315525       0.239368       0.260615       0.255877       0.272583       0.227888       0.268519        2.17694       0.278099       0.235093      0.0204939       0.244962
     -0.0848585      -0.023193       0.250131       0.302621       0.344097       0.224787       0.247926       0.245984       0.285475       0.213869       0.277927       0.278099        2.19905       0.220027      0.0199615       0.249669
     -0.0795443      0.0242638       0.221545       0.211846       0.205933       0.281935       0.295497       0.281474       0.219808       0.269207       0.227833       0.235093       0.220027        2.18622      0.0224742       0.213913
     -0.0236239    0.000882821      0.0185389      0.0198083      0.0221294      0.0216559      0.0246894      0.0212153      0.0208655      0.0190809      0.0211433      0.0204939      0.0199615      0.0224742       0.047669      0.0208996
     -0.0837424    -0.00764495       0.205327       0.254796       0.294982       0.221174       0.255233       0.244032       0.241629       0.200802       0.239176       0.244962       0.249669       0.213913      0.0208996       0.422064
