       0.032826     0.00138007     -0.0898037     -0.0835329     -0.0820963     -0.0743754     -0.0811589     -0.0827411     -0.0803589     -0.0755724      -0.081339      -0.075618     -0.0862759     -0.0869588     -0.0236638      -0.082153
     0.00138007      0.0162389     -0.0243302    -0.00362941    -0.00772181      0.0162979     0.00883658      0.0111537      -0.050923     0.00238145     0.00116948     0.00503874     0.00119203      0.0244421    -0.00189824    -0.00417327
     -0.0898037     -0.0243302        2.23094       0.281603       0.279535       0.228352       0.256113       0.260839       0.330266        0.24927       0.266187       0.246512       0.280589       0.253666      0.0259468       0.266035
     -0.0835329    -0.00362941       0.281603        2.17276        0.25935       0.239919       0.256938       0.264138       0.256071       0.243095       0.257336       0.243653       0.270737       0.272891       0.020272       0.242887
     -0.0820963    -0.00772181       0.279535        0.25935        2.16076       0.229047       0.247497       0.253539       0.262326       0.235997       0.249897       0.235802       0.262593       0.258496      0.0223428       0.230119
     -0.0743754      0.0162979       0.228352       0.239919       0.229047        2.14807       0.247028       0.255847       0.174944       0.227554       0.237946       0.231193       0.249614       0.278911      0.0158014       0.200695
     -0.0811589     0.00883658       0.256113       0.256938       0.247497       0.247028        2.16435       0.266213       0.211504       0.239518        0.25231       0.242043        0.26515       0.284558      0.0206104        0.22804
     -0.0827411      0.0111537       0.260839       0.264138       0.253539       0.255847       0.266213         2.1822       0.210815       0.246355       0.259619       0.249343       0.273161       0.296548      0.0187339       0.241266
     -0.0803589      -0.050923       0.330266       0.256071       0.262326       0.174944       0.211504       0.210815        2.29277       0.218646        0.23415       0.211297       0.245827       0.179207      0.0234533       0.219986
     -0.0755724     0.00238145        0.24927       0.243095       0.235997       0.227554       0.239518       0.246355       0.218646        2.13218       0.237276       0.226936       0.248389       0.258301      0.0174162       0.204329
      -0.081339     0.00116948       0.266187       0.257336       0.249897       0.237946        0.25231       0.259619        0.23415       0.237276        2.15712       0.238535        0.26322       0.271852      0.0213191       0.227813
      -0.075618     0.00503874       0.246512       0.243653       0.235802       0.231193       0.242043       0.249343       0.211297       0.226936       0.238535        2.13535       0.250025        0.26353      0.0168834       0.205679
     -0.0862759     0.00119203       0.280589       0.270737       0.262593       0.249614        0.26515       0.273161       0.245827       0.248389        0.26322       0.250025         2.1838       0.286543       0.023575       0.250376
     -0.0869588      0.0244421       0.253666       0.272891       0.258496       0.278911       0.284558       0.296548       0.179207       0.258301       0.271852        0.26353       0.286543        2.23618      0.0219577       0.256863
     -0.0236638    -0.00189824      0.0259468       0.020272      0.0223428      0.0158014      0.0206104      0.0187339      0.0234533      0.0174162      0.0213191      0.0168834       0.023575      0.0219577       0.047779      0.0211717
      -0.082153    -0.00417327       0.266035       0.242887       0.230119       0.200695        0.22804       0.241266       0.219986       0.204329       0.227813       0.205679       0.250376       0.256863      0.0211717        0.41474
