      0.0334446     0.00143576     -0.0779544     -0.0883821     -0.0838245      -0.077383     -0.0873491     -0.0811363     -0.0859565     -0.0831778     -0.0882583     -0.0836792     -0.0851737     -0.0837402     -0.0239933     -0.0842461
     0.00143576      0.0159512     -0.0176707    -0.00770044     -0.0164694    -0.00109997     -0.0287915      0.0320321     -0.0162803      0.0043746     0.00909592    -0.00143797       0.024884     0.00960382    -0.00239717    -0.00348748
     -0.0779544     -0.0176707        2.14805       0.257723        0.25517       0.226813       0.274311       0.205246       0.259825       0.233774       0.241961       0.240149       0.220702       0.231437      0.0218452       0.207222
     -0.0883821    -0.00770044       0.257723        2.19351       0.275583       0.253812       0.288849       0.256988       0.281658       0.267622       0.282386       0.270356       0.269986       0.269526      0.0239889       0.260019
     -0.0838245     -0.0164694        0.25517       0.275583         2.1772       0.241753       0.289918       0.224866       0.275694       0.250968       0.261488       0.256901       0.240871       0.249566      0.0231778        0.23693
      -0.077383    -0.00109997       0.226813       0.253812       0.241753        2.13562       0.248558       0.242334       0.246759        0.24202       0.255577       0.241818       0.250598        0.24527       0.018558       0.210611
     -0.0873491     -0.0287915       0.274311       0.288849       0.289918       0.248558        2.22571       0.206948       0.295427       0.254281       0.261939       0.264434       0.228908       0.249053      0.0257485       0.251528
     -0.0811363      0.0320321       0.205246       0.256988       0.224866       0.242334       0.206948        2.23337       0.230999       0.268688       0.294071       0.256946       0.321317       0.283317      0.0166073       0.234035
     -0.0859565     -0.0162803       0.259825       0.281658       0.275694       0.246759       0.295427       0.230999        2.18818       0.256671       0.267899       0.262534       0.247286         0.2555      0.0240743       0.246787
     -0.0831778      0.0043746       0.233774       0.267622       0.250968        0.24202       0.254281       0.268688       0.256671        2.16527       0.275535       0.256994       0.275485       0.263833       0.021751       0.235275
     -0.0882583     0.00909592       0.241961       0.282386       0.261488       0.255577       0.261939       0.294071       0.267899       0.275535        2.20225       0.272148       0.299759       0.283031      0.0223831       0.261987
     -0.0836792    -0.00143797       0.240149       0.270356       0.256901       0.241818       0.264434       0.256946       0.262534       0.256994       0.272148        2.16406       0.266346       0.260533      0.0226194       0.236486
     -0.0851737       0.024884       0.220702       0.269986       0.240871       0.250598       0.228908       0.321317       0.247286       0.275485       0.299759       0.266346        2.22625       0.288026      0.0192991       0.250862
     -0.0837402     0.00960382       0.231437       0.269526       0.249566        0.24527       0.249053       0.283317         0.2555       0.263833       0.283031       0.260533       0.288026        2.17804      0.0202017       0.241725
     -0.0239933    -0.00239717      0.0218452      0.0239889      0.0231778       0.018558      0.0257485      0.0166073      0.0240743       0.021751      0.0223831      0.0226194      0.0192991      0.0202017      0.0480331       0.022182
     -0.0842461    -0.00348748       0.207222       0.260019        0.23693       0.210611       0.251528       0.234035       0.246787       0.235275       0.261987       0.236486       0.250862       0.241725       0.022182       0.421286
