      0.0335562     0.00309644     -0.0847348     -0.0895333     -0.0766062     -0.0935334     -0.0791604     -0.0887078     -0.0731721     -0.0780571      -0.086892     -0.0817111     -0.0873049     -0.0877688     -0.0241711     -0.0846173
     0.00309644      0.0165939    -0.00399502     -0.0481029   -0.000698441     -0.0177517      0.0188403     -0.0323146      0.0177579     -0.0133232     -0.0128294    -0.00128213     -0.0093491       0.022021    -0.00312553    -0.00955319
     -0.0847348    -0.00399502        2.17307        0.26568       0.244919       0.286246       0.255621       0.267942       0.240486       0.244125       0.270956       0.258523       0.270114       0.282955      0.0216974       0.245254
     -0.0895333     -0.0481029        0.26568        2.29021       0.237253       0.321043       0.194886        0.34318       0.183761       0.270366       0.293702       0.251105       0.283721        0.21148      0.0300563       0.251207
     -0.0766062   -0.000698441       0.244919       0.237253        2.13364       0.259579       0.239384       0.241273       0.226266       0.224289       0.247042        0.23857       0.247163       0.263279      0.0180644        0.20812
     -0.0935334     -0.0177517       0.286246       0.321043       0.259579        2.22595       0.255616       0.310615       0.239847       0.268832       0.298317       0.275223       0.294638       0.283769      0.0274265       0.280913
     -0.0791604      0.0188403       0.255621       0.194886       0.239384       0.255616        2.18308       0.218123        0.26035       0.221413       0.247828       0.251696       0.251891       0.307025      0.0183509       0.222483
     -0.0887078     -0.0323146       0.267942        0.34318       0.241273       0.310615       0.218123        2.22462       0.205611        0.26249       0.287384       0.255654       0.280718       0.239146       0.027987       0.251942
     -0.0731721      0.0177579       0.240486       0.183761       0.226266       0.239847        0.26035       0.205611        2.15263        0.20921       0.233052       0.237154       0.236507       0.287784      0.0146063       0.197507
     -0.0780571     -0.0133232       0.244125       0.270366       0.224289       0.268832       0.221413        0.26249        0.20921         2.1379       0.253146       0.235649        0.25044       0.242053      0.0212298       0.208434
      -0.086892     -0.0128294       0.270956       0.293702       0.247042       0.298317       0.247828       0.287384       0.233052       0.253146        2.18682       0.261442       0.277451       0.273992      0.0227385       0.254673
     -0.0817111    -0.00128213       0.258523       0.251105        0.23857       0.275223       0.251696       0.255654       0.237154       0.235649       0.261442        2.15801       0.261192       0.278102       0.020465       0.231225
     -0.0873049     -0.0093491       0.270114       0.283721       0.247163       0.294638       0.251891       0.280718       0.236507        0.25044       0.277451       0.261192        2.18223        0.27854      0.0250426       0.251692
     -0.0877688       0.022021       0.282955        0.21148       0.263279       0.283769       0.307025       0.239146       0.287784       0.242053       0.273992       0.278102        0.27854        2.25048       0.019129       0.269228
     -0.0241711    -0.00312553      0.0216974      0.0300563      0.0180644      0.0274265      0.0183509       0.027987      0.0146063      0.0212298      0.0227385       0.020465      0.0250426       0.019129      0.0481668      0.0227755
     -0.0846173    -0.00955319       0.245254       0.251207        0.20812       0.280913       0.222483       0.251942       0.197507       0.208434       0.254673       0.231225       0.251692       0.269228      0.0227755        0.42304
