      0.0333687   -0.000631499     -0.0838004     -0.0781972     -0.0843348     -0.0831336     -0.0816613     -0.0903118     -0.0889642     -0.0840476       -0.08057     -0.0850047     -0.0903793     -0.0772739     -0.0238102     -0.0840771
   -0.000631499      0.0157699     -0.0070775      0.0210803      0.0142243    -0.00102067     0.00414729     -0.0061927     -0.0237286      0.0104524     -0.0231763       0.034355      0.0185525     -0.0022114    0.000592633    0.000194074
     -0.0838004     -0.0070775        2.17232       0.235218       0.254018       0.259258       0.252411       0.283842       0.289025       0.258044       0.264678       0.244329       0.268941        0.24568       0.021189       0.241284
     -0.0781972      0.0210803       0.235218        2.16389       0.261829       0.240054       0.243008       0.252583        0.22679       0.259078       0.206218       0.288131        0.28234       0.226156      0.0192038       0.210974
     -0.0843348      0.0142243       0.254018       0.261829        2.17779       0.255849       0.255782       0.273033       0.254599       0.270244       0.231409       0.288955       0.291656       0.240829      0.0229858       0.237393
     -0.0831336    -0.00102067       0.259258       0.240054       0.255849        2.16189       0.250536       0.277203       0.275753       0.258531       0.252308       0.254171       0.271949       0.241571      0.0221799        0.23441
     -0.0816613     0.00414729       0.252411       0.243008       0.255782       0.250536        2.15424       0.270053       0.262941       0.257415        0.24045       0.260982       0.273029       0.236622      0.0216754       0.226734
     -0.0903118     -0.0061927       0.283842       0.252583       0.273033       0.277203       0.270053        2.21111       0.308317       0.277536       0.280787       0.264693        0.29045       0.261739      0.0229523       0.273552
     -0.0889642     -0.0237286       0.289025        0.22679       0.254599       0.275753       0.262941       0.308317        2.23832       0.263178       0.304059       0.223881       0.266856       0.261847      0.0228667       0.268366
     -0.0840476      0.0104524       0.258044       0.259078       0.270244       0.258531       0.257415       0.277536       0.263178        2.17708       0.239308       0.283199       0.290075       0.243649      0.0201553       0.242892
       -0.08057     -0.0231763       0.264678       0.206218       0.231409       0.252308        0.24045       0.280787       0.304059       0.239308        2.18722       0.201461       0.240889       0.240457       0.020653       0.226403
     -0.0850047       0.034355       0.244329       0.288131       0.288955       0.254171       0.260982       0.264693       0.223881       0.283199       0.201461        2.23904       0.314914       0.237667      0.0237001       0.237001
     -0.0903793      0.0185525       0.268941        0.28234       0.291656       0.271949       0.273029        0.29045       0.266856       0.290075       0.240889       0.314914        2.22198       0.254949      0.0246586       0.266849
     -0.0772739     -0.0022114        0.24568       0.226156       0.240829       0.241571       0.236622       0.261739       0.261847       0.243649       0.240457       0.237667       0.254949        2.13604      0.0183469       0.210697
     -0.0238102    0.000592633       0.021189      0.0192038      0.0229858      0.0221799      0.0216754      0.0229523      0.0228667      0.0201553       0.020653      0.0237001      0.0246586      0.0183469       0.047701       0.021702
     -0.0840771    0.000194074       0.241284       0.210974       0.237393        0.23441       0.226734       0.273552       0.268366       0.242892       0.226403       0.237001       0.266849       0.210697       0.021702       0.421209
