      0.0334776     0.00101076     -0.0862521     -0.0853528     -0.0869023     -0.0834789     -0.0915583      -0.085682     -0.0762581     -0.0836831     -0.0825772     -0.0835445     -0.0823908     -0.0837381     -0.0238433     -0.0846038
     0.00101076      0.0163104     -0.0238998     -0.0321169    -0.00196863     -0.0139574   -0.000791405     -0.0223909     0.00546431    -0.00214774      0.0320248     -0.0148531      0.0255565       0.020986   -0.000346117    -0.00530947
     -0.0862521     -0.0238998        2.20738       0.307664       0.272549       0.280075       0.284964       0.297254       0.234432       0.266938       0.218602       0.281692       0.224843       0.236105      0.0222582       0.251986
     -0.0853528     -0.0321169       0.307664        2.22553       0.268306       0.282441       0.279579       0.303437       0.227134       0.262904        0.19732        0.28424        0.20699       0.220337      0.0230011       0.245428
     -0.0869023    -0.00196863       0.272549       0.268306        2.18059       0.265336        0.28832        0.27103       0.245103       0.267864       0.265562        0.26548       0.263079       0.268258      0.0239873       0.250947
     -0.0834789     -0.0139574       0.280075       0.282441       0.265336        2.17283       0.277892       0.277804       0.232587       0.259856       0.232278       0.267022       0.234709       0.242999       0.021138       0.238807
     -0.0915583   -0.000791405       0.284964       0.279579        0.28832       0.277892        2.21079       0.283424       0.257038       0.281695       0.282004       0.277973       0.278681       0.284033      0.0248008       0.275149
      -0.085682     -0.0223909       0.297254       0.303437        0.27103       0.277804       0.283424         2.2005       0.233847       0.265455       0.219995       0.279069       0.225938       0.236735      0.0220333       0.249274
     -0.0762581     0.00546431       0.234432       0.227134       0.245103       0.232587       0.257038       0.233847        2.13137       0.240051       0.252973        0.23232       0.248142        0.25039      0.0191785       0.202412
     -0.0836831    -0.00214774       0.266938       0.262904       0.267864       0.259856       0.281695       0.265455       0.240051         2.1688        0.25937        0.26001       0.256977       0.262135      0.0200923       0.242026
     -0.0825772      0.0320248       0.218602        0.19732       0.265562       0.232278       0.282004       0.219995       0.252973        0.25937         2.2348       0.230555       0.312246       0.307576      0.0206737       0.233565
     -0.0835445     -0.0148531       0.281692        0.28424        0.26548       0.267022       0.277973       0.279069        0.23232        0.26001       0.230555        2.17448       0.233341       0.241882      0.0211562       0.239132
     -0.0823908      0.0255565       0.224843        0.20699       0.263079       0.234709       0.278681       0.225938       0.248142       0.256977       0.312246       0.233341        2.20561       0.296245       0.022012       0.229511
     -0.0837381       0.020986       0.236105       0.220337       0.268258       0.242999       0.284033       0.236735        0.25039       0.262135       0.307576       0.241882       0.296245        2.20159      0.0210809       0.239402
     -0.0238433   -0.000346117      0.0222582      0.0230011      0.0239873       0.021138      0.0248008      0.0220333      0.0191785      0.0200923      0.0206737      0.0211562       0.022012      0.0210809       0.047701      0.0219215
     -0.0846038    -0.00530947       0.251986       0.245428       0.250947       0.238807       0.275149       0.249274       0.202412       0.242026       0.233565       0.239132       0.229511       0.239402      0.0219215       0.423304
