      0.0330049    0.000973922     -0.0817249     -0.0838359     -0.0835108      -0.082853     -0.0817355     -0.0836497     -0.0836202     -0.0822082     -0.0741774     -0.0810724     -0.0881929     -0.0821416     -0.0237502      -0.082679
    0.000973922      0.0159178     0.00887167     -0.0208509     -0.0352789    -0.00460059      0.0282323     0.00356353     -0.0100682     0.00556311      0.0211492     0.00477578    -0.00354398      0.0183852    -0.00236884    -0.00168083
     -0.0817249     0.00887167        2.16996       0.244832       0.234922       0.253925       0.275978       0.263702       0.253378       0.259518         0.2495       0.257285       0.270094       0.270326      0.0181344       0.235711
     -0.0838359     -0.0208509       0.244832        2.18862       0.298708       0.260755       0.221365       0.255109       0.270301       0.247102       0.208484       0.246547       0.274674        0.23408      0.0250381       0.234712
     -0.0835108     -0.0352789       0.234922       0.298708         2.2357       0.262996       0.193836       0.249932       0.277236       0.240399       0.187658       0.240359       0.275771        0.21549      0.0255035       0.233386
      -0.082853    -0.00460059       0.253925       0.260755       0.262996         2.1627       0.250223       0.258783       0.260058       0.253085       0.230108       0.251457       0.271093       0.252616      0.0226228       0.233027
     -0.0817355      0.0282323       0.275978       0.221365       0.193836       0.250223        2.21883       0.269947       0.243019       0.268178       0.276578       0.264918        0.26786       0.294576      0.0169284       0.236484
     -0.0836497     0.00356353       0.263702       0.255109       0.249932       0.258783       0.269947        2.17253        0.26009       0.260986       0.245304       0.258938       0.274957       0.267567      0.0204349       0.241733
     -0.0836202     -0.0100682       0.253378       0.270301       0.277236       0.260058       0.243019        0.26009        2.17259       0.253558       0.224897       0.252209       0.275009       0.249071      0.0224582       0.238344
     -0.0822082     0.00556311       0.259518       0.247102       0.240399       0.253085       0.268178       0.260986       0.253558        2.16318       0.243277       0.254437       0.268486       0.264552      0.0211042        0.23189
     -0.0741774      0.0211492         0.2495       0.208484       0.187658       0.230108       0.276578       0.245304       0.224897       0.243277        2.15498       0.240643       0.244677       0.263606      0.0156227       0.197806
     -0.0810724     0.00477578       0.257285       0.246547       0.240359       0.251457       0.264918       0.258938       0.252209       0.254437       0.240643        2.15902       0.266895       0.261793      0.0195453       0.229194
     -0.0881929    -0.00354398       0.270094       0.274674       0.275771       0.271093        0.26786       0.274957       0.275009       0.268486       0.244677       0.266895        2.19458       0.269857      0.0237619       0.260319
     -0.0821416      0.0183852       0.270326        0.23408        0.21549       0.252616       0.294576       0.267567       0.249071       0.264552       0.263606       0.261793       0.269857        2.18964      0.0179995       0.237346
     -0.0237502    -0.00236884      0.0181344      0.0250381      0.0255035      0.0226228      0.0169284      0.0204349      0.0224582      0.0211042      0.0156227      0.0195453      0.0237619      0.0179995      0.0479496      0.0212682
      -0.082679    -0.00168083       0.235711       0.234712       0.233386       0.233027       0.236484       0.241733       0.238344        0.23189       0.197806       0.229194       0.260319       0.237346      0.0212682       0.416022
