      0.0334172     0.00106092     -0.0761904     -0.0883043     -0.0849025     -0.0831042     -0.0856963     -0.0839848     -0.0872587     -0.0833089     -0.0765218     -0.0908967     -0.0841267     -0.0825988     -0.0239021     -0.0842707
     0.00106092      0.0161675      0.0179246     0.00653332    -0.00477287     -0.0099961     -0.0312987    -0.00505447      0.0424855     0.00526007      0.0129023    -0.00792041     -0.0256198    -0.00232962    -0.00177209    -0.00300057
     -0.0761904      0.0179246        2.15558       0.261492       0.240596       0.229787       0.207506       0.236903       0.305914       0.248072       0.243163       0.251952       0.212438       0.238285      0.0164645       0.207401
     -0.0883043     0.00653332       0.261492        2.19464       0.273057       0.264745       0.258195       0.268836       0.308118       0.273006       0.259489        0.29006       0.258403       0.267841      0.0240307       0.258434
     -0.0849025    -0.00477287       0.240596       0.273057        2.17332       0.262446        0.27061       0.262897       0.267711       0.259854       0.242105       0.284803        0.26703       0.260181      0.0221589       0.244566
     -0.0831042     -0.0099961       0.229787       0.264745       0.262446        2.16671       0.275073        0.25888       0.247571       0.252505       0.232918       0.280859       0.269738       0.255364       0.021828       0.235634
     -0.0856963     -0.0312987       0.207506       0.258195        0.27061       0.275073        2.22479       0.267138       0.193665       0.247441       0.217523       0.293357       0.305023       0.260229      0.0258563       0.242396
     -0.0839848    -0.00505447       0.236903       0.268836       0.262897        0.25888       0.267138        2.16584       0.262667       0.255745       0.238499       0.280536       0.263737       0.256481       0.022982       0.237555
     -0.0872587      0.0424855       0.305914       0.308118       0.267711       0.247571       0.193665       0.262667        2.31503       0.289774       0.292474       0.278408       0.206484       0.267715      0.0191437       0.261383
     -0.0833089     0.00526007       0.248072       0.273006       0.259854       0.252505       0.247441       0.255745       0.289774        2.16598       0.246732       0.275485       0.247394       0.254997       0.021852       0.235644
     -0.0765218      0.0129023       0.243163       0.259489       0.242105       0.232918       0.217523       0.238499       0.292474       0.246732        2.14606        0.25444       0.220422       0.239034      0.0169998       0.208354
     -0.0908967    -0.00792041       0.251952        0.29006       0.284803       0.280859       0.293357       0.280536       0.278408       0.275485        0.25444        2.21223       0.288483       0.277101      0.0236549       0.274945
     -0.0841267     -0.0256198       0.212438       0.258403        0.26703       0.269738       0.305023       0.263737       0.206484       0.247394       0.220422       0.288483        2.20108       0.257587      0.0235555       0.238509
     -0.0825988    -0.00232962       0.238285       0.267841       0.260181       0.255364       0.260229       0.256481       0.267715       0.254997       0.239034       0.277101       0.257587        2.16087       0.020983       0.234209
     -0.0239021    -0.00177209      0.0164645      0.0240307      0.0221589       0.021828      0.0258563       0.022982      0.0191437       0.021852      0.0169998      0.0236549      0.0235555       0.020983      0.0478705      0.0220166
     -0.0842707    -0.00300057       0.207401       0.258434       0.244566       0.235634       0.242396       0.237555       0.261383       0.235644       0.208354       0.274945       0.238509       0.234209      0.0220166       0.421713
