      0.0332957    0.000613843     -0.0812419     -0.0849197     -0.0848618      -0.085839     -0.0846288      -0.082678     -0.0834663     -0.0871518     -0.0917492     -0.0762116     -0.0779765     -0.0889346     -0.0237186     -0.0839694
    0.000613843      0.0163729     0.00456739     0.00783119     -0.0226334    -0.00412241    -0.00383276       0.026613     -0.0103968       0.025909    -0.00219808      0.0288764     -0.0427908     0.00323006    -0.00137258    -0.00155489
     -0.0812419     0.00456739        2.15446       0.261132       0.248064        0.25898       0.254223       0.259472       0.247875       0.270603       0.272955         0.2456        0.22207       0.267846      0.0208793       0.226288
     -0.0849197     0.00783119       0.261132        2.18313       0.256801        0.27211       0.267096       0.277993       0.258594       0.289802       0.287669       0.262941       0.224672       0.282979      0.0195227       0.249799
     -0.0848618     -0.0226334       0.248064       0.256801        2.20061       0.274582       0.269269       0.223692       0.273214        0.23641       0.286141       0.204913       0.300179       0.271598      0.0230671       0.243633
      -0.085839    -0.00412241        0.25898        0.27211       0.274582        2.18304       0.271163       0.259801       0.267139       0.272231       0.290716       0.242954       0.256974          0.282      0.0207288       0.253126
     -0.0846288    -0.00383276       0.254223       0.267096       0.269269       0.271163        2.17275       0.255489       0.262499       0.267507       0.285061       0.239167       0.252105       0.276687      0.0216959        0.24404
      -0.082678       0.026613       0.259472       0.277993       0.223692       0.259801       0.255489        2.20819       0.239813       0.311739       0.276987       0.289806       0.169613        0.27888      0.0199658       0.234703
     -0.0834663     -0.0103968       0.247875       0.258594       0.273214       0.267139       0.262499       0.239813        2.16833       0.251693       0.280078       0.223103       0.264954       0.269515      0.0228407       0.235388
     -0.0871518       0.025909       0.270603       0.289802        0.23641       0.272231       0.267507       0.311739       0.251693        2.23006       0.290539       0.298542        0.18139       0.291609      0.0220831       0.254906
     -0.0917492    -0.00219808       0.272955       0.287669       0.286141       0.290716       0.285061       0.276987       0.280078       0.290539        2.21337       0.258741       0.263745       0.297968      0.0247367       0.276744
     -0.0762116      0.0288764         0.2456       0.262941       0.204913       0.242954       0.239167       0.289806       0.223103       0.298542       0.258741        2.18676       0.150431       0.262173      0.0157578       0.208067
     -0.0779765     -0.0427908        0.22207       0.224672       0.300179       0.256974       0.252105       0.169613       0.264954        0.18139       0.263745       0.150431        2.24116       0.243876      0.0225524       0.207852
     -0.0889346     0.00323006       0.267846       0.282979       0.271598          0.282       0.276687        0.27888       0.269515       0.291609       0.297968       0.262173       0.243876        2.19794      0.0232004       0.264108
     -0.0237186    -0.00137258      0.0208793      0.0195227      0.0230671      0.0207288      0.0216959      0.0199658      0.0228407      0.0220831      0.0247367      0.0157578      0.0225524      0.0232004      0.0477022      0.0213538
     -0.0839694    -0.00155489       0.226288       0.249799       0.243633       0.253126        0.24404       0.234703       0.235388       0.254906       0.276744       0.208067       0.207852       0.264108      0.0213538       0.421382
