      0.0331186     0.00119338     -0.0831428     -0.0803881      -0.088581     -0.0815347      -0.074312     -0.0869253       -0.08423     -0.0834324     -0.0785548      -0.084363     -0.0832483     -0.0876732     -0.0237116      -0.083274
     0.00119338      0.0161421    -0.00245863     0.00442199     0.00224263      0.0111132      0.0311402     -0.0334443     -0.0130697    -0.00834609     -0.0262649    -0.00838974    -0.00568905       0.030447    -0.00133564    -0.00430692
     -0.0831428    -0.00245863        2.16324       0.249642       0.272283       0.252936       0.236169       0.268135       0.260302       0.257119       0.244616       0.260848       0.256772       0.272707      0.0222165          0.235
     -0.0803881     0.00442199       0.249642        2.15246       0.266569       0.251802       0.243911       0.247634       0.248697       0.247636       0.228428       0.251181       0.248421       0.278805      0.0207025        0.22274
      -0.088581     0.00224263       0.272283       0.266569        2.19794       0.272341       0.259773       0.275679       0.273152       0.271008       0.251769       0.275214       0.271439       0.300602      0.0232774       0.262883
     -0.0815347      0.0111132       0.252936       0.251802       0.272341        2.16728       0.260905       0.238303       0.247658       0.248208       0.221357       0.251855       0.250364       0.296421      0.0208633       0.228541
      -0.074312      0.0311402       0.236169       0.243911       0.259773       0.260905        2.19406       0.182506       0.217564       0.224175       0.176679       0.227706       0.229626       0.318423      0.0154185       0.199776
     -0.0869253     -0.0334443       0.268135       0.247634       0.275679       0.238303       0.182506        2.24629       0.292376       0.279903       0.301413       0.284001        0.27419        0.22233      0.0227669       0.256399
       -0.08423     -0.0130697       0.260302       0.248697       0.273152       0.247658       0.217564       0.292376        2.17763       0.264652       0.263746        0.26851        0.26256       0.255165      0.0220558       0.241977
     -0.0834324    -0.00834609       0.257119       0.247636       0.271008       0.248208       0.224175       0.279903       0.264652        2.16636       0.253828       0.263488       0.258438       0.261132      0.0226593       0.235906
     -0.0785548     -0.0262649       0.244616       0.228428       0.251769       0.221357       0.176679       0.301413       0.263746       0.253828        2.17666       0.257514        0.24983       0.210117      0.0201874       0.215067
      -0.084363    -0.00838974       0.260848       0.251181       0.275214       0.251855       0.227706       0.284001        0.26851       0.263488       0.257514        2.17398       0.262166       0.265448      0.0218781       0.242932
     -0.0832483    -0.00568905       0.256772       0.248421       0.271439       0.250364       0.229626        0.27419        0.26256       0.258438        0.24983       0.262166        2.16417       0.266207      0.0224266       0.235245
     -0.0876732       0.030447       0.272707       0.278805       0.300602       0.296421       0.318423        0.22233       0.255165       0.261132       0.210117       0.265448       0.266207        2.26599      0.0199442       0.264336
     -0.0237116    -0.00133564      0.0222165      0.0207025      0.0232774      0.0208633      0.0154185      0.0227669      0.0220558      0.0226593      0.0201874      0.0218781      0.0224266      0.0199442      0.0477003      0.0213986
      -0.083274    -0.00430692          0.235        0.22274       0.262883       0.228541       0.199776       0.256399       0.241977       0.235906       0.215067       0.242932       0.235245       0.264336      0.0213986       0.418696
