      0.0331938     0.00258694      -0.085783     -0.0727129     -0.0961216     -0.0795324     -0.0837315     -0.0863311     -0.0812074     -0.0858011     -0.0751319     -0.0883232     -0.0794257     -0.0804884     -0.0240482     -0.0831906
     0.00258694      0.0169398     0.00944561      0.0162998     -0.0358119     -0.0207806    -0.00374929      0.0203893     -0.0334413    -0.00963158      0.0328852     0.00930661     0.00477386     -0.0288035    -0.00390723    -0.00589967
      -0.085783     0.00944561        2.19314       0.255918       0.273971       0.240341        0.26896       0.299085        0.23216       0.270847        0.27932       0.295117       0.263643       0.234711      0.0216323       0.251545
     -0.0727129      0.0162998       0.255918        2.14215       0.222311       0.203861       0.235226       0.271501       0.190803       0.233625       0.262316       0.262572       0.235535       0.195234      0.0146688       0.193989
     -0.0961216     -0.0358119       0.273971       0.222311        2.29012       0.306323       0.290935       0.257806       0.331852       0.309063       0.202525       0.283712       0.261953       0.322011      0.0311644       0.288792
     -0.0795324     -0.0207806       0.240341       0.203861       0.306323        2.16019       0.248265       0.232179       0.268188       0.259779       0.195051       0.247368       0.229535       0.262197      0.0222131       0.215836
     -0.0837315    -0.00374929        0.26896       0.235226       0.290935       0.248265        2.16898       0.272576       0.250006       0.268573       0.244796       0.277145       0.250747       0.248945      0.0216316       0.240382
     -0.0863311      0.0203893       0.299085       0.271501       0.257806       0.232179       0.272576        2.22558       0.215772       0.270875       0.306193       0.307935       0.272355       0.221318      0.0200201       0.258114
     -0.0812074     -0.0334413        0.23216       0.190803       0.331852       0.268188       0.250006       0.215772        2.19887       0.265863       0.169496       0.239485        0.22499       0.282808      0.0253447       0.218262
     -0.0858011    -0.00963158       0.270847       0.233625       0.309063       0.259779       0.268573       0.270875       0.265863        2.18366        0.23789       0.279419       0.253872       0.263192      0.0219677       0.251423
     -0.0751319      0.0328852        0.27932       0.262316       0.202525       0.195051       0.244796       0.306193       0.169496        0.23789        2.21374       0.286608       0.252555       0.178466      0.0130834       0.210889
     -0.0883232     0.00930661       0.295117       0.262572       0.283712       0.247368       0.277145       0.307935       0.239485       0.279419       0.286608        2.21083       0.271163       0.241997      0.0215535       0.266102
     -0.0794257     0.00477386       0.263643       0.235535       0.261953       0.229535       0.250747       0.272355        0.22499       0.253872       0.252555       0.271163        2.15124       0.226264       0.019571       0.220676
     -0.0804884     -0.0288035       0.234711       0.195234       0.322011       0.262197       0.248945       0.221318       0.282808       0.263192       0.178466       0.241997       0.226264        2.18177      0.0242725       0.216618
     -0.0240482    -0.00390723      0.0216323      0.0146688      0.0311644      0.0222131      0.0216316      0.0200201      0.0253447      0.0219677      0.0130834      0.0215535       0.019571      0.0242725      0.0483938      0.0218429
     -0.0831906    -0.00589967       0.251545       0.193989       0.288792       0.215836       0.240382       0.258114       0.218262       0.251423       0.210889       0.266102       0.220676       0.216618      0.0218429       0.418364
