      0.0334167    9.05226e-05     -0.0816644     -0.0907926     -0.0890002     -0.0787354     -0.0876988     -0.0766693     -0.0837723     -0.0838663     -0.0915464     -0.0775102     -0.0848917     -0.0845371     -0.0238097     -0.0843539
    9.05226e-05      0.0158116     0.00737192     -0.0308163     0.00842177     0.00453464     0.00210041    -0.00640153      0.0128324   -0.000738836    -0.00285048     0.00656108     -0.0203522       0.041936   -0.000452944    -0.00111031
     -0.0816644     0.00737192        2.15722       0.255147       0.269486       0.244737       0.264352       0.231277       0.261289       0.252272       0.271693       0.241096       0.246632       0.275678      0.0213589       0.227005
     -0.0907926     -0.0308163       0.255147        2.26252       0.274775       0.255301       0.284511       0.267079        0.25408       0.277366       0.305537       0.245949       0.319724       0.198332      0.0264081       0.270377
     -0.0890002     0.00842177       0.269486       0.274775        2.19775       0.262203       0.285258       0.247635       0.281713       0.271405       0.293694       0.258562        0.26498       0.298163      0.0246063       0.260466
     -0.0787354     0.00453464       0.244737       0.255301       0.262203        2.14638       0.258922       0.228609       0.254368       0.247651       0.266804       0.235808       0.245507       0.263375      0.0173764       0.220234
     -0.0876988     0.00210041       0.264352       0.284511       0.285258       0.258922        2.18859       0.248235       0.274349       0.269419        0.29223       0.253692       0.270815       0.279095      0.0230616       0.257427
     -0.0766693    -0.00640153       0.231277       0.267079       0.247635       0.228609       0.248235        2.13237       0.236647       0.239716        0.25891       0.223663       0.250808       0.225595      0.0194328       0.204945
     -0.0837723      0.0128324       0.261289        0.25408       0.281713       0.254368       0.274349       0.236647        2.18121       0.260499       0.280613       0.251003       0.248147       0.298973      0.0194592       0.242713
     -0.0838663   -0.000738836       0.252272       0.277366       0.271405       0.247651       0.269419       0.239716       0.260499        2.16493        0.27972       0.242771       0.262901       0.259727      0.0225143       0.237505
     -0.0915464    -0.00285048       0.271693       0.305537       0.293694       0.266804        0.29223        0.25891       0.280613        0.27972        2.21138       0.260851       0.287263       0.276309      0.0248246       0.275402
     -0.0775102     0.00656108       0.241096       0.245949       0.258562       0.235808       0.253692       0.223663       0.251003       0.242771       0.260851        2.13895       0.237927        0.26351      0.0182828       0.211021
     -0.0848917     -0.0203522       0.246632       0.319724        0.26498       0.245507       0.270815       0.250808       0.248147       0.262901       0.287263       0.237927        2.19856       0.211779      0.0222936       0.245866
     -0.0845371       0.041936       0.275678       0.198332       0.298163       0.263375       0.279095       0.225595       0.298973       0.259727       0.276309        0.26351       0.211779         2.2836      0.0205098       0.241502
     -0.0238097   -0.000452944      0.0213589      0.0264081      0.0246063      0.0173764      0.0230616      0.0194328      0.0194592      0.0225143      0.0248246      0.0182828      0.0222936      0.0205098      0.0476965      0.0217928
     -0.0843539    -0.00111031       0.227005       0.270377       0.260466       0.220234       0.257427       0.204945       0.242713       0.237505       0.275402       0.211021       0.245866       0.241502      0.0217928       0.422317
