      0.0335996     0.00158878     -0.0800679     -0.0900047     -0.0870299     -0.0841164     -0.0865224     -0.0788624     -0.0935046     -0.0830145     -0.0754531     -0.0822691      -0.091929     -0.0876757     -0.0238999     -0.0851089
     0.00158878      0.0159622     -0.0237914      0.0137475     -0.0210655    -0.00583224     -0.0299915    -0.00895675     -0.0229296      0.0144877      0.0132465      0.0174299    -0.00228808      0.0188147    -0.00153164     -0.0055404
     -0.0800679     -0.0237914        2.17227       0.240047       0.278395       0.251243       0.287254         0.2445       0.295761       0.224299       0.207114       0.220323       0.266128       0.229617      0.0206535       0.220629
     -0.0900047      0.0137475       0.240047        2.21864       0.264248       0.271714        0.25091       0.254295       0.281386       0.293444       0.267979       0.296424       0.300618       0.312296      0.0243018       0.267269
     -0.0870299     -0.0210655       0.278395       0.264248        2.20083        0.26898       0.300866        0.25991       0.313541       0.246016       0.225389       0.242593        0.28761       0.253644      0.0236146        0.25271
     -0.0841164    -0.00583224       0.251243       0.271714        0.26898        2.16512       0.267337       0.246864       0.285932       0.254486       0.234032       0.254069       0.279653       0.266303      0.0227463       0.238173
     -0.0865224     -0.0299915       0.287254        0.25091       0.300866       0.267337        2.21934       0.260154       0.320639        0.23283       0.213985       0.227691       0.283119        0.23783      0.0250656       0.246563
     -0.0788624    -0.00895675         0.2445       0.254295        0.25991       0.246864       0.260154        2.14374       0.275672       0.238846        0.22033       0.237622       0.264963       0.248288      0.0190276       0.217499
     -0.0935046     -0.0229296       0.295761       0.281386       0.313541       0.285932       0.320639       0.275672        2.24167       0.261037       0.238256       0.257043       0.306869       0.270023      0.0266171       0.281976
     -0.0830145      0.0144877       0.224299       0.293444       0.246016       0.254486        0.23283       0.238846       0.261037        2.18363       0.254092       0.280143        0.28107       0.294429      0.0199933       0.238164
     -0.0754531      0.0132465       0.207114       0.267979       0.225389       0.234032       0.213985        0.22033       0.238256       0.254092        2.14126       0.256877       0.256483       0.269094      0.0178857       0.200727
     -0.0822691      0.0174299       0.220323       0.296424       0.242593       0.254069       0.227691       0.237622       0.257043       0.280143       0.256877        2.19049       0.281154       0.298384      0.0180387       0.238524
      -0.091929    -0.00228808       0.266128       0.300618        0.28761       0.279653       0.283119       0.264963       0.306869        0.28107       0.256483       0.281154        2.21199       0.295775      0.0248287       0.277045
     -0.0876757      0.0188147       0.229617       0.312296       0.253644       0.266303        0.23783       0.248288       0.270023       0.294429       0.269094       0.298384       0.295775        2.22091      0.0219037        0.25976
     -0.0238999    -0.00153164      0.0206535      0.0243018      0.0236146      0.0227463      0.0250656      0.0190276      0.0266171      0.0199933      0.0178857      0.0180387      0.0248287      0.0219037      0.0477693      0.0220746
     -0.0851089     -0.0055404       0.220629       0.267269        0.25271       0.238173       0.246563       0.217499       0.281976       0.238164       0.200727       0.238524       0.277045        0.25976      0.0220746       0.425515
